npop = 100 
max = 5000
f(x) = 652.318
g1(x) =-5.01893e-05 
g2(x) =-0.000126993

-- referensi buku --
hasil : 652.288
0.00139373 
 0.00508952